~1494-CA1
0.2500
1.0625
0.3750
0.4063
0.4063
0.0000
1
1
0
1
~1494-H1
0.2500
1.0625
0.3750
0.1875
0.1875
0.0000
1
1
0
1
~1494-CA2
0.2500
1.0625
0.3750
0.1563
0.1563
0.0000
1
1
0
1
~1494-CA3
0.2500
1.0625
0.3750
0.3125
0.3125
0.0000
1
1
0
1
~1494-CD2
0.2500
1.0625
0.3750
0.4375
0.4375
0.0000
1
1
0
1
~1494-CD3
0.2500
1.0625
0.3750
0.5000
0.5000
0.0000
1
1
0
1
~1494-W10
0.2500
1.0625
0.3750
0.2500
0.2500
0.0000
1
1
0
1
~1494-F1
0.2500
1.0625
0.3750
0.2813
0.2813
0.0000
1
1
0
1
~1494-F2
0.2500
1.0625
0.3750
0.3125
0.3125
0.0000
1
1
0
1
~1494-F3
0.2500
1.0625
0.3750
0.3750
0.3750
0.0000
1
1
0
1
~1494-H2
0.2500
1.0625
0.3750
0.2188
0.2188
0.0000
1
1
0
1
~1494-GH
0.2500
1.0625
0.3750
0.4063
0.4063
0.0000
1
1
0
1
~1494-CE6
0.2500
1.0625
0.3750
0.5000
0.5000
0.0000
1
1
0
1
~1494-H6
0.2500
1.0625
0.3750
0.3438
0.3438
0.0000
1
1
0
1
~Swing Arm
0.2500
1.0625
0.3750
0.3125
0.3125
0.0000
1
1
0
1
~M6/9 EE
0.2500
1.0625
0.3750
0.3438
0.3438
0.0000
1
1
0
1
~States Link
0.2500
1.0625
0.3750
0.5938
0.5938
0.0000
1
1
0
1
~1494-WTF3
0.2500
1.0625
0.3750
0.1875
0.1875
0.0000
1
1
0
1
~Panduit PTR2
0.2000
0.1500
1.0000
0.5000
1.5000
1.0000
3
4
1
0
~Panduit PTR1
0.1750
0.5000
0.7813
0.5000
1.5000
0.9060
3
6
0
0
~RUTH 1
0.2500
0.1500
1.0000
0.5000
1.5000
1.0000
3
4
1
0
~ALLEN BRADLEY HM3
0.2500
1.0625
0.3750
0.3125
0.3200
0.0000
1
1
0
0
~PTR1A
0.0750
0.5000
0.7813
0.5000
1.5000
0.9060
3
6
0
0
~Daycon CB
0.1750
0.5000
0.7813
0.5000
1.5000
0.9060
1
6
0
0
~Brady Laser Print Labels
1.4000
0.4500
1.0000
0.5000
0.5000
1.1000
1
7
0
1
~Panduit PTR3
0.1600
0.1500
1.0000
0.5000
1.5000
1.0000
3
4
1
0
~Panduit PTR3 AutoSize
0.1600
0.1500
0.9000
0.4000
1.5000
1.0000
3
4
1
1
