~1. CA1
0.000000
0.343800
0.375000
0.406250
0.406250
0.000000
1
1
0
1
~2. H1 or W4
0.000000
0.343800
0.375000
0.236111
0.236111
0.000000
1
1
0
1
~3. HM1
0.000000
0.343800
0.375000
0.218750
0.218750
0.000000
1
1
0
1
~4. CA3
0.000000
0.343800
0.375000
0.406250
0.406250
0.000000
1
1
0
1
~5. CD2
0.000000
0.343800
0.375000
0.531250
0.531250
0.000000
1
1
0
1
~6. CD3
0.000000
0.343800
0.375000
0.531250
0.531250
0.000000
1
1
0
1
~7. CD8
0.000000
0.343800
0.375000
0.531250
0.531250
0.000000
1
1
0
1
~8. CE2
0.000000
0.343800
0.375000
0.718750
0.718750
0.000000
1
1
0
1
~9. F1
0.000000
0.343800
0.375000
0.312500
0.312500
0.000000
1
1
0
1
~10. F2 or HM3
0.000000
0.343800
0.375000
0.343750
0.343750
0.000000
1
1
0
1
~11. F3
0.000000
0.343800
0.375000
0.375000
0.375000
0.000000
1
1
0
1
~12. WEIDMULLER 3000
0.000000
0.343800
0.375000
0.250000
0.250000
0.000000
1
1
0
1
~13. GH
0.000000
0.343800
0.375000
0.500000
0.500000
0.000000
1
1
0
1
~14. CE6
0.000000
0.343800
0.375000
0.500000
0.500000
0.000000
1
1
0
1
~15. H1
0.000000
0.343800
0.375000
0.343750
0.343750
0.000000
1
1
0
1
~16. WEIDMULLER 4000 or RACK SWING ARMS
0.000000
0.343800
0.375000
0.312500
0.312500
0.000000
1
1
0
1
~17. SQUARE-D M614EE
0.000000
0.343800
0.375000
0.375000
0.375000
0.000000
1
1
0
1
~18. STATES LINK
0.000000
0.343800
0.375000
0.625000
0.625000
0.000000
1
1
0
1
~19. WTF3
0.000000
0.343800
0.375000
0.203120
0.203120
0.000000
1
1
0
1
~20. WEIDMULLER 9150
0.000000
0.343800
0.375000
0.359370
0.359370
0.000000
1
1
0
1
~22.
0.000000
0.343800
0.375000
0.343750
0.343750
0.000000
1
1
0
1
~23.
0.000000
0.343800
0.375000
0.203120
0.203120
0.000000
1
1
0
1
~24.
0.000000
0.343800
0.375000
0.265620
0.265620
0.000000
1
1
0
1
~25. H2
0.000000
0.343800
0.375000
0.250000
0.250000
0.000000
1
1
0
1
~Wire Labels - Optical - Autosize
0.1600
0.1500
0.9000
0.4000
1.5000
1.0000
3
4
1
1
~StoCord Labels - Optical - Autosize
0.4000
0.1500
1.9500
1.0000
4.0000
2.0000
3
2
1
1
